Grading at Mon Sep  7 05:00:35 UTC 2020
Attempting to compile retirement.c
Checking for struct _retire_info
Found on line 4, column 1 
Checking for field int months
Found on line 5, column 3 
Checking for field double contribution
Found on line 6, column 3 
Checking for field double rate_of_return
Found on line 7, column 3 
Checking for typedef of struct _retire_info to retire_info
Found on line 10, column 1 
Checking for void retirement (int startAge, double initial,  retire_info working,  retire_info retired)
Found on line 20, column 1 
Checking for int main(void)
Found on line 43, column 1 
Trying to run retirement calculator..
Your file matched the expected output
Removing your main() and replacing it with our own to run more tests...
                |         Working              |        Retired         
 Age | Initial  | Saving  |   Rate    | Months | Spending |   Rate    | Months | Result
 240 |     0.00 | 1234.00 | 0.0026700 |   597  | -3567.00 | 0.0005300 |   205  | Correct
 240 |     0.00 | 1234.00 | 0.0026700 |   597  | -3567.00 | 0.0005300 |   395  | Correct
 240 |     0.00 | 1234.00 | 0.0026700 |   597  | -3567.00 | 0.0047900 |   220  | Correct
 240 |     0.00 | 1234.00 | 0.0026700 |   597  | -3567.00 | 0.0047900 |   407  | Correct
 240 |     0.00 | 1234.00 | 0.0026700 |   597  | -6534.00 | 0.0005400 |   214  | Correct
 240 |     0.00 | 1234.00 | 0.0026700 |   597  | -6534.00 | 0.0005400 |   398  | Correct
 240 |     0.00 | 1234.00 | 0.0026700 |   597  | -6534.00 | 0.0043900 |   219  | Correct
 240 |     0.00 | 1234.00 | 0.0026700 |   597  | -6534.00 | 0.0043900 |   379  | Correct
 240 |     0.00 | 1234.00 | 0.0026700 |   598  | -3567.00 | 0.0000200 |   231  | Correct
 240 |     0.00 | 1234.00 | 0.0026700 |   598  | -3567.00 | 0.0000200 |   376  | Correct
 240 |     0.00 | 1234.00 | 0.0026700 |   598  | -3567.00 | 0.0041800 |   215  | Correct
 240 |     0.00 | 1234.00 | 0.0026700 |   598  | -3567.00 | 0.0041800 |   372  | Correct
 240 |     0.00 | 1234.00 | 0.0026700 |   598  | -6534.00 | 0.0000100 |   210  | Correct
 240 |     0.00 | 1234.00 | 0.0026700 |   598  | -6534.00 | 0.0000100 |   409  | Correct
 240 |     0.00 | 1234.00 | 0.0026700 |   598  | -6534.00 | 0.0046000 |   212  | Correct
 240 |     0.00 | 1234.00 | 0.0026700 |   598  | -6534.00 | 0.0046000 |   388  | Correct
 240 |     0.00 | 1234.00 | 0.0056700 |   597  | -3567.00 | 0.0005200 |   232  | Correct
 240 |     0.00 | 1234.00 | 0.0056700 |   597  | -3567.00 | 0.0005200 |   403  | Correct
 240 |     0.00 | 1234.00 | 0.0056700 |   597  | -3567.00 | 0.0043900 |   208  | Correct
 240 |     0.00 | 1234.00 | 0.0056700 |   597  | -3567.00 | 0.0043900 |   405  | Correct
 240 |     0.00 | 1234.00 | 0.0056700 |   597  | -6534.00 | 0.0007100 |   205  | Correct
 240 |     0.00 | 1234.00 | 0.0056700 |   597  | -6534.00 | 0.0007100 |   390  | Correct
 240 |     0.00 | 1234.00 | 0.0056700 |   597  | -6534.00 | 0.0048200 |   227  | Correct
 240 |     0.00 | 1234.00 | 0.0056700 |   597  | -6534.00 | 0.0048200 |   396  | Correct
 240 |     0.00 | 1234.00 | 0.0056700 |   601  | -3567.00 | 0.0005000 |   214  | Correct
 240 |     0.00 | 1234.00 | 0.0056700 |   601  | -3567.00 | 0.0005000 |   374  | Correct
 240 |     0.00 | 1234.00 | 0.0056700 |   601  | -3567.00 | 0.0043400 |   222  | Correct
 240 |     0.00 | 1234.00 | 0.0056700 |   601  | -3567.00 | 0.0043400 |   372  | Correct
 240 |     0.00 | 1234.00 | 0.0056700 |   601  | -6534.00 | 0.0001800 |   212  | Correct
 240 |     0.00 | 1234.00 | 0.0056700 |   601  | -6534.00 | 0.0001800 |   377  | Correct
 240 |     0.00 | 1234.00 | 0.0056700 |   601  | -6534.00 | 0.0044100 |   231  | Correct
 240 |     0.00 | 1234.00 | 0.0056700 |   601  | -6534.00 | 0.0044100 |   408  | Correct
 240 |     0.00 | 3646.00 | 0.0026700 |   597  | -3567.00 | 0.0008100 |   216  | Correct
 240 |     0.00 | 3646.00 | 0.0026700 |   597  | -3567.00 | 0.0008100 |   373  | Correct
 240 |     0.00 | 3646.00 | 0.0026700 |   597  | -3567.00 | 0.0048100 |   223  | Correct
 240 |     0.00 | 3646.00 | 0.0026700 |   597  | -3567.00 | 0.0048100 |   409  | Correct
 240 |     0.00 | 3646.00 | 0.0026700 |   597  | -6534.00 | 0.0003300 |   210  | Correct
 240 |     0.00 | 3646.00 | 0.0026700 |   597  | -6534.00 | 0.0003300 |   397  | Correct
 240 |     0.00 | 3646.00 | 0.0026700 |   597  | -6534.00 | 0.0042800 |   227  | Correct
 240 |     0.00 | 3646.00 | 0.0026700 |   597  | -6534.00 | 0.0042800 |   376  | Correct
 240 |     0.00 | 3646.00 | 0.0026700 |   589  | -3567.00 | 0.0006200 |   213  | Correct
 240 |     0.00 | 3646.00 | 0.0026700 |   589  | -3567.00 | 0.0006200 |   383  | Correct
 240 |     0.00 | 3646.00 | 0.0026700 |   589  | -3567.00 | 0.0046100 |   208  | Correct
 240 |     0.00 | 3646.00 | 0.0026700 |   589  | -3567.00 | 0.0046100 |   382  | Correct
 240 |     0.00 | 3646.00 | 0.0026700 |   589  | -6534.00 | 0.0006900 |   225  | Correct
 240 |     0.00 | 3646.00 | 0.0026700 |   589  | -6534.00 | 0.0006900 |   384  | Correct
 240 |     0.00 | 3646.00 | 0.0026700 |   589  | -6534.00 | 0.0042000 |   213  | Correct
 240 |     0.00 | 3646.00 | 0.0026700 |   589  | -6534.00 | 0.0042000 |   380  | Correct
 240 |     0.00 | 3646.00 | 0.0056700 |   597  | -3567.00 | 0.0005900 |   213  | Correct
 240 |     0.00 | 3646.00 | 0.0056700 |   597  | -3567.00 | 0.0005900 |   403  | Correct
 240 |     0.00 | 3646.00 | 0.0056700 |   597  | -3567.00 | 0.0044600 |   204  | Correct
 240 |     0.00 | 3646.00 | 0.0056700 |   597  | -3567.00 | 0.0044600 |   370  | Correct
 240 |     0.00 | 3646.00 | 0.0056700 |   597  | -6534.00 | 0.0002000 |   221  | Correct
 240 |     0.00 | 3646.00 | 0.0056700 |   597  | -6534.00 | 0.0002000 |   380  | Correct
 240 |     0.00 | 3646.00 | 0.0056700 |   597  | -6534.00 | 0.0049900 |   210  | Correct
 240 |     0.00 | 3646.00 | 0.0056700 |   597  | -6534.00 | 0.0049900 |   376  | Correct
 240 |     0.00 | 3646.00 | 0.0056700 |   596  | -3567.00 | 0.0001900 |   229  | Correct
 240 |     0.00 | 3646.00 | 0.0056700 |   596  | -3567.00 | 0.0001900 |   399  | Correct
 240 |     0.00 | 3646.00 | 0.0056700 |   596  | -3567.00 | 0.0042800 |   220  | Correct
 240 |     0.00 | 3646.00 | 0.0056700 |   596  | -3567.00 | 0.0042800 |   380  | Correct
 240 |     0.00 | 3646.00 | 0.0056700 |   596  | -6534.00 | 0.0008100 |   229  | Correct
 240 |     0.00 | 3646.00 | 0.0056700 |   596  | -6534.00 | 0.0008100 |   371  | Correct
 240 |     0.00 | 3646.00 | 0.0056700 |   596  | -6534.00 | 0.0049300 |   229  | Correct
 240 |     0.00 | 3646.00 | 0.0056700 |   596  | -6534.00 | 0.0049300 |   378  | Correct
 240 |  9057.50 | 1234.00 | 0.0026700 |   597  | -3567.00 | 0.0000400 |   207  | Correct
 240 |  9057.50 | 1234.00 | 0.0026700 |   597  | -3567.00 | 0.0000400 |   397  | Correct
 240 |  9057.50 | 1234.00 | 0.0026700 |   597  | -3567.00 | 0.0040000 |   220  | Correct
 240 |  9057.50 | 1234.00 | 0.0026700 |   597  | -3567.00 | 0.0040000 |   406  | Correct
 240 |  9057.50 | 1234.00 | 0.0026700 |   597  | -6534.00 | 0.0007000 |   211  | Correct
 240 |  9057.50 | 1234.00 | 0.0026700 |   597  | -6534.00 | 0.0007000 |   404  | Correct
 240 |  9057.50 | 1234.00 | 0.0026700 |   597  | -6534.00 | 0.0042600 |   221  | Correct
 240 |  9057.50 | 1234.00 | 0.0026700 |   597  | -6534.00 | 0.0042600 |   387  | Correct
 240 |  9057.50 | 1234.00 | 0.0026700 |   595  | -3567.00 | 0.0007500 |   209  | Correct
 240 |  9057.50 | 1234.00 | 0.0026700 |   595  | -3567.00 | 0.0007500 |   376  | Correct
 240 |  9057.50 | 1234.00 | 0.0026700 |   595  | -3567.00 | 0.0043300 |   204  | Correct
 240 |  9057.50 | 1234.00 | 0.0026700 |   595  | -3567.00 | 0.0043300 |   382  | Correct
 240 |  9057.50 | 1234.00 | 0.0026700 |   595  | -6534.00 | 0.0005700 |   230  | Correct
 240 |  9057.50 | 1234.00 | 0.0026700 |   595  | -6534.00 | 0.0005700 |   381  | Correct
 240 |  9057.50 | 1234.00 | 0.0026700 |   595  | -6534.00 | 0.0047100 |   232  | Correct
 240 |  9057.50 | 1234.00 | 0.0026700 |   595  | -6534.00 | 0.0047100 |   383  | Correct
 240 |  9057.50 | 1234.00 | 0.0056700 |   597  | -3567.00 | 0.0003900 |   205  | Correct
 240 |  9057.50 | 1234.00 | 0.0056700 |   597  | -3567.00 | 0.0003900 |   400  | Correct
 240 |  9057.50 | 1234.00 | 0.0056700 |   597  | -3567.00 | 0.0041500 |   233  | Correct
 240 |  9057.50 | 1234.00 | 0.0056700 |   597  | -3567.00 | 0.0041500 |   372  | Correct
 240 |  9057.50 | 1234.00 | 0.0056700 |   597  | -6534.00 | 0.0009700 |   215  | Correct
 240 |  9057.50 | 1234.00 | 0.0056700 |   597  | -6534.00 | 0.0009700 |   403  | Correct
 240 |  9057.50 | 1234.00 | 0.0056700 |   597  | -6534.00 | 0.0049500 |   211  | Correct
 240 |  9057.50 | 1234.00 | 0.0056700 |   597  | -6534.00 | 0.0049500 |   389  | Correct
 240 |  9057.50 | 1234.00 | 0.0056700 |   602  | -3567.00 | 0.0006200 |   212  | Correct
 240 |  9057.50 | 1234.00 | 0.0056700 |   602  | -3567.00 | 0.0006200 |   381  | Correct
 240 |  9057.50 | 1234.00 | 0.0056700 |   602  | -3567.00 | 0.0048300 |   222  | Correct
 240 |  9057.50 | 1234.00 | 0.0056700 |   602  | -3567.00 | 0.0048300 |   391  | Correct
 240 |  9057.50 | 1234.00 | 0.0056700 |   602  | -6534.00 | 0.0006900 |   222  | Correct
 240 |  9057.50 | 1234.00 | 0.0056700 |   602  | -6534.00 | 0.0006900 |   403  | Correct
 240 |  9057.50 | 1234.00 | 0.0056700 |   602  | -6534.00 | 0.0042600 |   217  | Correct
 240 |  9057.50 | 1234.00 | 0.0056700 |   602  | -6534.00 | 0.0042600 |   405  | Correct
 240 |  9057.50 | 3593.00 | 0.0026700 |   597  | -3567.00 | 0.0005400 |   221  | Correct
 240 |  9057.50 | 3593.00 | 0.0026700 |   597  | -3567.00 | 0.0005400 |   400  | Correct
 240 |  9057.50 | 3593.00 | 0.0026700 |   597  | -3567.00 | 0.0040000 |   216  | Correct
 240 |  9057.50 | 3593.00 | 0.0026700 |   597  | -3567.00 | 0.0040000 |   395  | Correct
 240 |  9057.50 | 3593.00 | 0.0026700 |   597  | -6534.00 | 0.0000400 |   213  | Correct
 240 |  9057.50 | 3593.00 | 0.0026700 |   597  | -6534.00 | 0.0000400 |   408  | Correct
 240 |  9057.50 | 3593.00 | 0.0026700 |   597  | -6534.00 | 0.0042200 |   232  | Correct
 240 |  9057.50 | 3593.00 | 0.0026700 |   597  | -6534.00 | 0.0042200 |   375  | Correct
 240 |  9057.50 | 3593.00 | 0.0026700 |   587  | -3567.00 | 0.0009800 |   229  | Correct
 240 |  9057.50 | 3593.00 | 0.0026700 |   587  | -3567.00 | 0.0009800 |   391  | Correct
 240 |  9057.50 | 3593.00 | 0.0026700 |   587  | -3567.00 | 0.0045700 |   223  | Correct
 240 |  9057.50 | 3593.00 | 0.0026700 |   587  | -3567.00 | 0.0045700 |   401  | Correct
 240 |  9057.50 | 3593.00 | 0.0026700 |   587  | -6534.00 | 0.0000200 |   218  | Correct
 240 |  9057.50 | 3593.00 | 0.0026700 |   587  | -6534.00 | 0.0000200 |   407  | Correct
 240 |  9057.50 | 3593.00 | 0.0026700 |   587  | -6534.00 | 0.0044400 |   232  | Correct
 240 |  9057.50 | 3593.00 | 0.0026700 |   587  | -6534.00 | 0.0044400 |   400  | Correct
 240 |  9057.50 | 3593.00 | 0.0056700 |   597  | -3567.00 | 0.0000500 |   212  | Correct
 240 |  9057.50 | 3593.00 | 0.0056700 |   597  | -3567.00 | 0.0000500 |   397  | Correct
 240 |  9057.50 | 3593.00 | 0.0056700 |   597  | -3567.00 | 0.0045600 |   204  | Correct
 240 |  9057.50 | 3593.00 | 0.0056700 |   597  | -3567.00 | 0.0045600 |   393  | Correct
 240 |  9057.50 | 3593.00 | 0.0056700 |   597  | -6534.00 | 0.0007500 |   207  | Correct
 240 |  9057.50 | 3593.00 | 0.0056700 |   597  | -6534.00 | 0.0007500 |   376  | Correct
 240 |  9057.50 | 3593.00 | 0.0056700 |   597  | -6534.00 | 0.0049300 |   214  | Correct
 240 |  9057.50 | 3593.00 | 0.0056700 |   597  | -6534.00 | 0.0049300 |   377  | Correct
 240 |  9057.50 | 3593.00 | 0.0056700 |   601  | -3567.00 | 0.0005400 |   225  | Correct
 240 |  9057.50 | 3593.00 | 0.0056700 |   601  | -3567.00 | 0.0005400 |   386  | Correct
 240 |  9057.50 | 3593.00 | 0.0056700 |   601  | -3567.00 | 0.0046700 |   232  | Correct
 240 |  9057.50 | 3593.00 | 0.0056700 |   601  | -3567.00 | 0.0046700 |   376  | Correct
 240 |  9057.50 | 3593.00 | 0.0056700 |   601  | -6534.00 | 0.0008900 |   222  | Correct
 240 |  9057.50 | 3593.00 | 0.0056700 |   601  | -6534.00 | 0.0008900 |   402  | Correct
 240 |  9057.50 | 3593.00 | 0.0056700 |   601  | -6534.00 | 0.0043700 |   205  | Correct
 240 |  9057.50 | 3593.00 | 0.0056700 |   601  | -6534.00 | 0.0043700 |   378  | Correct
 345 |     0.00 | 1234.00 | 0.0026700 |   597  | -3567.00 | 0.0006400 |   224  | Correct
 345 |     0.00 | 1234.00 | 0.0026700 |   597  | -3567.00 | 0.0006400 |   400  | Correct
 345 |     0.00 | 1234.00 | 0.0026700 |   597  | -3567.00 | 0.0042900 |   233  | Correct
 345 |     0.00 | 1234.00 | 0.0026700 |   597  | -3567.00 | 0.0042900 |   383  | Correct
 345 |     0.00 | 1234.00 | 0.0026700 |   597  | -6534.00 | 0.0007000 |   224  | Correct
 345 |     0.00 | 1234.00 | 0.0026700 |   597  | -6534.00 | 0.0007000 |   392  | Correct
 345 |     0.00 | 1234.00 | 0.0026700 |   597  | -6534.00 | 0.0041500 |   225  | Correct
 345 |     0.00 | 1234.00 | 0.0026700 |   597  | -6534.00 | 0.0041500 |   379  | Correct
 345 |     0.00 | 1234.00 | 0.0026700 |   614  | -3567.00 | 0.0001300 |   210  | Correct
 345 |     0.00 | 1234.00 | 0.0026700 |   614  | -3567.00 | 0.0001300 |   389  | Correct
 345 |     0.00 | 1234.00 | 0.0026700 |   614  | -3567.00 | 0.0048700 |   204  | Correct
 345 |     0.00 | 1234.00 | 0.0026700 |   614  | -3567.00 | 0.0048700 |   400  | Correct
 345 |     0.00 | 1234.00 | 0.0026700 |   614  | -6534.00 | 0.0008100 |   228  | Correct
 345 |     0.00 | 1234.00 | 0.0026700 |   614  | -6534.00 | 0.0008100 |   408  | Correct
 345 |     0.00 | 1234.00 | 0.0026700 |   614  | -6534.00 | 0.0049500 |   216  | Correct
 345 |     0.00 | 1234.00 | 0.0026700 |   614  | -6534.00 | 0.0049500 |   393  | Correct
 345 |     0.00 | 1234.00 | 0.0056700 |   597  | -3567.00 | 0.0005000 |   207  | Correct
 345 |     0.00 | 1234.00 | 0.0056700 |   597  | -3567.00 | 0.0005000 |   377  | Correct
 345 |     0.00 | 1234.00 | 0.0056700 |   597  | -3567.00 | 0.0046600 |   211  | Correct
 345 |     0.00 | 1234.00 | 0.0056700 |   597  | -3567.00 | 0.0046600 |   404  | Correct
 345 |     0.00 | 1234.00 | 0.0056700 |   597  | -6534.00 | 0.0002300 |   231  | Correct
 345 |     0.00 | 1234.00 | 0.0056700 |   597  | -6534.00 | 0.0002300 |   400  | Correct
 345 |     0.00 | 1234.00 | 0.0056700 |   597  | -6534.00 | 0.0048800 |   212  | Correct
 345 |     0.00 | 1234.00 | 0.0056700 |   597  | -6534.00 | 0.0048800 |   387  | Correct
 345 |     0.00 | 1234.00 | 0.0056700 |   594  | -3567.00 | 0.0006100 |   229  | Correct
 345 |     0.00 | 1234.00 | 0.0056700 |   594  | -3567.00 | 0.0006100 |   385  | Correct
 345 |     0.00 | 1234.00 | 0.0056700 |   594  | -3567.00 | 0.0048000 |   214  | Correct
 345 |     0.00 | 1234.00 | 0.0056700 |   594  | -3567.00 | 0.0048000 |   393  | Correct
 345 |     0.00 | 1234.00 | 0.0056700 |   594  | -6534.00 | 0.0000200 |   206  | Correct
 345 |     0.00 | 1234.00 | 0.0056700 |   594  | -6534.00 | 0.0000200 |   377  | Correct
 345 |     0.00 | 1234.00 | 0.0056700 |   594  | -6534.00 | 0.0048600 |   204  | Correct
 345 |     0.00 | 1234.00 | 0.0056700 |   594  | -6534.00 | 0.0048600 |   407  | Correct
 345 |     0.00 | 3168.00 | 0.0026700 |   597  | -3567.00 | 0.0007600 |   215  | Correct
 345 |     0.00 | 3168.00 | 0.0026700 |   597  | -3567.00 | 0.0007600 |   409  | Correct
 345 |     0.00 | 3168.00 | 0.0026700 |   597  | -3567.00 | 0.0041800 |   217  | Correct
 345 |     0.00 | 3168.00 | 0.0026700 |   597  | -3567.00 | 0.0041800 |   370  | Correct
 345 |     0.00 | 3168.00 | 0.0026700 |   597  | -6534.00 | 0.0009200 |   224  | Correct
 345 |     0.00 | 3168.00 | 0.0026700 |   597  | -6534.00 | 0.0009200 |   387  | Correct
 345 |     0.00 | 3168.00 | 0.0026700 |   597  | -6534.00 | 0.0049500 |   221  | Correct
 345 |     0.00 | 3168.00 | 0.0026700 |   597  | -6534.00 | 0.0049500 |   387  | Correct
 345 |     0.00 | 3168.00 | 0.0026700 |   606  | -3567.00 | 0.0003200 |   208  | Correct
 345 |     0.00 | 3168.00 | 0.0026700 |   606  | -3567.00 | 0.0003200 |   385  | Correct
 345 |     0.00 | 3168.00 | 0.0026700 |   606  | -3567.00 | 0.0044300 |   219  | Correct
 345 |     0.00 | 3168.00 | 0.0026700 |   606  | -3567.00 | 0.0044300 |   372  | Correct
 345 |     0.00 | 3168.00 | 0.0026700 |   606  | -6534.00 | 0.0000800 |   225  | Correct
 345 |     0.00 | 3168.00 | 0.0026700 |   606  | -6534.00 | 0.0000800 |   387  | Correct
 345 |     0.00 | 3168.00 | 0.0026700 |   606  | -6534.00 | 0.0044300 |   205  | Correct
 345 |     0.00 | 3168.00 | 0.0026700 |   606  | -6534.00 | 0.0044300 |   406  | Correct
 345 |     0.00 | 3168.00 | 0.0056700 |   597  | -3567.00 | 0.0002300 |   233  | Correct
 345 |     0.00 | 3168.00 | 0.0056700 |   597  | -3567.00 | 0.0002300 |   407  | Correct
 345 |     0.00 | 3168.00 | 0.0056700 |   597  | -3567.00 | 0.0041700 |   229  | Correct
 345 |     0.00 | 3168.00 | 0.0056700 |   597  | -3567.00 | 0.0041700 |   373  | Correct
 345 |     0.00 | 3168.00 | 0.0056700 |   597  | -6534.00 | 0.0003900 |   229  | Correct
 345 |     0.00 | 3168.00 | 0.0056700 |   597  | -6534.00 | 0.0003900 |   399  | Correct
 345 |     0.00 | 3168.00 | 0.0056700 |   597  | -6534.00 | 0.0044200 |   208  | Correct
 345 |     0.00 | 3168.00 | 0.0056700 |   597  | -6534.00 | 0.0044200 |   377  | Correct
 345 |     0.00 | 3168.00 | 0.0056700 |   611  | -3567.00 | 0.0000400 |   229  | Correct
 345 |     0.00 | 3168.00 | 0.0056700 |   611  | -3567.00 | 0.0000400 |   370  | Correct
 345 |     0.00 | 3168.00 | 0.0056700 |   611  | -3567.00 | 0.0046600 |   222  | Correct
 345 |     0.00 | 3168.00 | 0.0056700 |   611  | -3567.00 | 0.0046600 |   400  | Correct
 345 |     0.00 | 3168.00 | 0.0056700 |   611  | -6534.00 | 0.0001600 |   214  | Correct
 345 |     0.00 | 3168.00 | 0.0056700 |   611  | -6534.00 | 0.0001600 |   392  | Correct
 345 |     0.00 | 3168.00 | 0.0056700 |   611  | -6534.00 | 0.0047100 |   226  | Correct
 345 |     0.00 | 3168.00 | 0.0056700 |   611  | -6534.00 | 0.0047100 |   391  | Correct
 345 |  7626.74 | 1234.00 | 0.0026700 |   597  | -3567.00 | 0.0009800 |   211  | Correct
 345 |  7626.74 | 1234.00 | 0.0026700 |   597  | -3567.00 | 0.0009800 |   398  | Correct
 345 |  7626.74 | 1234.00 | 0.0026700 |   597  | -3567.00 | 0.0040600 |   230  | Correct
 345 |  7626.74 | 1234.00 | 0.0026700 |   597  | -3567.00 | 0.0040600 |   382  | Correct
 345 |  7626.74 | 1234.00 | 0.0026700 |   597  | -6534.00 | 0.0003200 |   214  | Correct
 345 |  7626.74 | 1234.00 | 0.0026700 |   597  | -6534.00 | 0.0003200 |   386  | Correct
 345 |  7626.74 | 1234.00 | 0.0026700 |   597  | -6534.00 | 0.0046900 |   209  | Correct
 345 |  7626.74 | 1234.00 | 0.0026700 |   597  | -6534.00 | 0.0046900 |   388  | Correct
 345 |  7626.74 | 1234.00 | 0.0026700 |   605  | -3567.00 | 0.0006600 |   227  | Correct
 345 |  7626.74 | 1234.00 | 0.0026700 |   605  | -3567.00 | 0.0006600 |   374  | Correct
 345 |  7626.74 | 1234.00 | 0.0026700 |   605  | -3567.00 | 0.0044800 |   229  | Correct
 345 |  7626.74 | 1234.00 | 0.0026700 |   605  | -3567.00 | 0.0044800 |   403  | Correct
 345 |  7626.74 | 1234.00 | 0.0026700 |   605  | -6534.00 | 0.0006800 |   212  | Correct
 345 |  7626.74 | 1234.00 | 0.0026700 |   605  | -6534.00 | 0.0006800 |   385  | Correct
 345 |  7626.74 | 1234.00 | 0.0026700 |   605  | -6534.00 | 0.0042300 |   225  | Correct
 345 |  7626.74 | 1234.00 | 0.0026700 |   605  | -6534.00 | 0.0042300 |   386  | Correct
 345 |  7626.74 | 1234.00 | 0.0056700 |   597  | -3567.00 | 0.0009400 |   228  | Correct
 345 |  7626.74 | 1234.00 | 0.0056700 |   597  | -3567.00 | 0.0009400 |   375  | Correct
 345 |  7626.74 | 1234.00 | 0.0056700 |   597  | -3567.00 | 0.0045900 |   211  | Correct
 345 |  7626.74 | 1234.00 | 0.0056700 |   597  | -3567.00 | 0.0045900 |   391  | Correct
 345 |  7626.74 | 1234.00 | 0.0056700 |   597  | -6534.00 | 0.0001900 |   224  | Correct
 345 |  7626.74 | 1234.00 | 0.0056700 |   597  | -6534.00 | 0.0001900 |   383  | Correct
 345 |  7626.74 | 1234.00 | 0.0056700 |   597  | -6534.00 | 0.0046900 |   218  | Correct
 345 |  7626.74 | 1234.00 | 0.0056700 |   597  | -6534.00 | 0.0046900 |   408  | Correct
 345 |  7626.74 | 1234.00 | 0.0056700 |   597  | -3567.00 | 0.0007600 |   226  | Correct
 345 |  7626.74 | 1234.00 | 0.0056700 |   597  | -3567.00 | 0.0007600 |   374  | Correct
 345 |  7626.74 | 1234.00 | 0.0056700 |   597  | -3567.00 | 0.0048600 |   215  | Correct
 345 |  7626.74 | 1234.00 | 0.0056700 |   597  | -3567.00 | 0.0048600 |   409  | Correct
 345 |  7626.74 | 1234.00 | 0.0056700 |   597  | -6534.00 | 0.0001900 |   204  | Correct
 345 |  7626.74 | 1234.00 | 0.0056700 |   597  | -6534.00 | 0.0001900 |   385  | Correct
 345 |  7626.74 | 1234.00 | 0.0056700 |   597  | -6534.00 | 0.0048500 |   207  | Correct
 345 |  7626.74 | 1234.00 | 0.0056700 |   597  | -6534.00 | 0.0048500 |   406  | Correct
 345 |  7626.74 | 2845.00 | 0.0026700 |   597  | -3567.00 | 0.0000800 |   220  | Correct
 345 |  7626.74 | 2845.00 | 0.0026700 |   597  | -3567.00 | 0.0000800 |   372  | Correct
 345 |  7626.74 | 2845.00 | 0.0026700 |   597  | -3567.00 | 0.0040500 |   204  | Correct
 345 |  7626.74 | 2845.00 | 0.0026700 |   597  | -3567.00 | 0.0040500 |   406  | Correct
 345 |  7626.74 | 2845.00 | 0.0026700 |   597  | -6534.00 | 0.0007300 |   223  | Correct
 345 |  7626.74 | 2845.00 | 0.0026700 |   597  | -6534.00 | 0.0007300 |   379  | Correct
 345 |  7626.74 | 2845.00 | 0.0026700 |   597  | -6534.00 | 0.0047600 |   226  | Correct
 345 |  7626.74 | 2845.00 | 0.0026700 |   597  | -6534.00 | 0.0047600 |   385  | Correct
 345 |  7626.74 | 2845.00 | 0.0026700 |   587  | -3567.00 | 0.0000100 |   212  | Correct
 345 |  7626.74 | 2845.00 | 0.0026700 |   587  | -3567.00 | 0.0000100 |   387  | Correct
 345 |  7626.74 | 2845.00 | 0.0026700 |   587  | -3567.00 | 0.0046100 |   229  | Correct
 345 |  7626.74 | 2845.00 | 0.0026700 |   587  | -3567.00 | 0.0046100 |   404  | Correct
 345 |  7626.74 | 2845.00 | 0.0026700 |   587  | -6534.00 | 0.0001400 |   216  | Correct
 345 |  7626.74 | 2845.00 | 0.0026700 |   587  | -6534.00 | 0.0001400 |   387  | Correct
 345 |  7626.74 | 2845.00 | 0.0026700 |   587  | -6534.00 | 0.0047300 |   204  | Correct
 345 |  7626.74 | 2845.00 | 0.0026700 |   587  | -6534.00 | 0.0047300 |   396  | Correct
 345 |  7626.74 | 2845.00 | 0.0056700 |   597  | -3567.00 | 0.0002900 |   223  | Correct
 345 |  7626.74 | 2845.00 | 0.0056700 |   597  | -3567.00 | 0.0002900 |   409  | Correct
 345 |  7626.74 | 2845.00 | 0.0056700 |   597  | -3567.00 | 0.0049300 |   212  | Correct
 345 |  7626.74 | 2845.00 | 0.0056700 |   597  | -3567.00 | 0.0049300 |   400  | Correct
 345 |  7626.74 | 2845.00 | 0.0056700 |   597  | -6534.00 | 0.0009900 |   208  | Correct
 345 |  7626.74 | 2845.00 | 0.0056700 |   597  | -6534.00 | 0.0009900 |   405  | Correct
 345 |  7626.74 | 2845.00 | 0.0056700 |   597  | -6534.00 | 0.0045100 |   214  | Correct
 345 |  7626.74 | 2845.00 | 0.0056700 |   597  | -6534.00 | 0.0045100 |   370  | Correct
 345 |  7626.74 | 2845.00 | 0.0056700 |   609  | -3567.00 | 0.0002600 |   220  | Correct
 345 |  7626.74 | 2845.00 | 0.0056700 |   609  | -3567.00 | 0.0002600 |   392  | Correct
 345 |  7626.74 | 2845.00 | 0.0056700 |   609  | -3567.00 | 0.0041500 |   232  | Correct
 345 |  7626.74 | 2845.00 | 0.0056700 |   609  | -3567.00 | 0.0041500 |   371  | Correct
 345 |  7626.74 | 2845.00 | 0.0056700 |   609  | -6534.00 | 0.0001000 |   220  | Correct
 345 |  7626.74 | 2845.00 | 0.0056700 |   609  | -6534.00 | 0.0001000 |   370  | Correct
 345 |  7626.74 | 2845.00 | 0.0056700 |   609  | -6534.00 | 0.0044600 |   209  | Correct
 345 |  7626.74 | 2845.00 | 0.0056700 |   609  | -6534.00 | 0.0044600 |   379  | Correct

Overall Grade: A
